Performing restart 1
optimal integer solution; objective 138.5
8528334 MIP simplex iterations
451273 branch-and-bound nodes
TotalCost = 138.5

: rental_start rental_end    :=
1        0           5
2        0           3
3       10          10
;

traversed [*,*,1]
:    0   1   2   3   4   5   6   7   8   9  10    :=
0    0   0   0   0   0   0   1   0   0   0   0
1    0   0   0   0   1   0   0   0   0   0   0
2    0   0   0   0   0   0   0   0   1   0   0
3    0   0   0   0   0   0   0   0   0   0   0
4    1   0   0   0   0   0   0   0   0   0   0
5    0   0   0   0   0   0   0   0   0   0   0
6    0   0   0   0   0   0   0   0   0   0   1
7    0   0   0   0   0   0   0   0   0   0   0
8    0   1   0   0   0   0   0   0   0   0   0
9    0   0   0   0   0   0   0   0   0   0   0
10   0   0   1   0   0   0   0   0   0   0   0

 [*,*,2]
:    0   1   2   3   4   5   6   7   8   9  10    :=
0    0   0   0   1   0   0   0   0   0   0   0
1    0   0   0   0   0   0   0   0   0   0   0
2    0   0   0   0   0   0   0   0   0   0   0
3    0   0   0   0   0   0   0   0   0   1   0
4    0   0   0   0   0   0   0   0   0   0   0
5    1   0   0   0   0   0   0   0   0   0   0
6    0   0   0   0   0   0   0   0   0   0   0
7    0   0   0   0   0   1   0   0   0   0   0
8    0   0   0   0   0   0   0   0   0   0   0
9    0   0   0   0   0   0   0   1   0   0   0
10   0   0   0   0   0   0   0   0   0   0   0

 [*,*,3]
:    0   1   2   3   4   5   6   7   8   9  10    :=
0    1   0   0   0   0   0   0   0   0   0   0
1    0   0   0   0   0   0   0   0   0   0   0
2    0   0   0   0   0   0   0   0   0   0   0
3    0   0   0   0   0   0   0   0   0   0   0
4    0   0   0   0   0   0   0   0   0   0   0
5    0   0   0   0   0   0   0   0   0   0   0
6    0   0   0   0   0   0   0   0   0   0   0
7    0   0   0   0   0   0   0   0   0   0   0
8    0   0   0   0   0   0   0   0   0   0   0
9    0   0   0   0   0   0   0   0   0   0   0
10   0   0   0   0   0   0   0   0   0   0   0
;

arrival_time [*,*]
:     1     2     3     :=
0    300   180   600
1    194     0     0
2    130     0     0
3     60    50     0
4    212     0     0
5      0   110     0
6     60     0     0
7      0    86     0
8    168     0     0
9      0    72     0
10   110     0     0
;

ampl: 