Performing restart 2
optimal integer solution; objective 83.5
26963824 MIP simplex iterations
1236396 branch-and-bound nodes
TotalCost = 83.5

: rental_start rental_end    :=
1        0           5
2       10          10
3       10          10
;

traversed [*,*,1]
:    0   1   2   3   4   5   6   7   8   9  10    :=
0    0   0   0   0   0   0   1   0   0   0   0
1    0   0   0   0   0   0   0   0   0   0   1
2    0   0   0   1   0   0   0   0   0   0   0
3    0   0   0   0   1   0   0   0   0   0   0
4    1   0   0   0   0   0   0   0   0   0   0
5    0   0   0   0   0   0   0   0   0   1   0
6    0   0   0   0   0   0   0   0   1   0   0
7    0   1   0   0   0   0   0   0   0   0   0
8    0   0   0   0   0   0   0   1   0   0   0
9    0   0   1   0   0   0   0   0   0   0   0
10   0   0   0   0   0   1   0   0   0   0   0

 [*,*,2]
:    0   1   2   3   4   5   6   7   8   9  10    :=
0    1   0   0   0   0   0   0   0   0   0   0
1    0   0   0   0   0   0   0   0   0   0   0
2    0   0   0   0   0   0   0   0   0   0   0
3    0   0   0   0   0   0   0   0   0   0   0
4    0   0   0   0   0   0   0   0   0   0   0
5    0   0   0   0   0   0   0   0   0   0   0
6    0   0   0   0   0   0   0   0   0   0   0
7    0   0   0   0   0   0   0   0   0   0   0
8    0   0   0   0   0   0   0   0   0   0   0
9    0   0   0   0   0   0   0   0   0   0   0
10   0   0   0   0   0   0   0   0   0   0   0

 [*,*,3]
:    0   1   2   3   4   5   6   7   8   9  10    :=
0    1   0   0   0   0   0   0   0   0   0   0
1    0   0   0   0   0   0   0   0   0   0   0
2    0   0   0   0   0   0   0   0   0   0   0
3    0   0   0   0   0   0   0   0   0   0   0
4    0   0   0   0   0   0   0   0   0   0   0
5    0   0   0   0   0   0   0   0   0   0   0
6    0   0   0   0   0   0   0   0   0   0   0
7    0   0   0   0   0   0   0   0   0   0   0
8    0   0   0   0   0   0   0   0   0   0   0
9    0   0   0   0   0   0   0   0   0   0   0
10   0   0   0   0   0   0   0   0   0   0   0
;

arrival_time [*,*]
:     1     2     3     :=
0    300   600   600
1     88    52     0
2    194     0     0
3    218    42     0
4    230     0    60
5    138     0     0
6     26     0    54
7     72    68     0
8     42     0     0
9    154    16     0
10   102     0     0
;

ampl: 