Performing restart 2
optimal integer solution; objective 101.5
21166688 MIP simplex iterations
1118082 branch-and-bound nodes
TotalCost = 101.5

: rental_start rental_end    :=
1        0           6
2       10          10
3       10          10
;

traversed [*,*,1]
:    0   1   2   3   4   5   6   7   8   9  10    :=
0    0   0   0   0   0   0   0   0   0   1   0
1    1   0   0   0   0   0   0   0   0   0   0
2    0   0   0   0   0   1   0   0   0   0   0
3    0   1   0   0   0   0   0   0   0   0   0
4    0   0   0   0   0   0   0   1   0   0   0
5    0   0   0   0   0   0   0   0   0   0   1
6    0   0   1   0   0   0   0   0   0   0   0
7    0   0   0   0   0   0   1   0   0   0   0
8    0   0   0   1   0   0   0   0   0   0   0
9    0   0   0   0   1   0   0   0   0   0   0
10   0   0   0   0   0   0   0   0   1   0   0

 [*,*,2]
:    0   1   2   3   4   5   6   7   8   9  10    :=
0    1   0   0   0   0   0   0   0   0   0   0
1    0   0   0   0   0   0   0   0   0   0   0
2    0   0   0   0   0   0   0   0   0   0   0
3    0   0   0   0   0   0   0   0   0   0   0
4    0   0   0   0   0   0   0   0   0   0   0
5    0   0   0   0   0   0   0   0   0   0   0
6    0   0   0   0   0   0   0   0   0   0   0
7    0   0   0   0   0   0   0   0   0   0   0
8    0   0   0   0   0   0   0   0   0   0   0
9    0   0   0   0   0   0   0   0   0   0   0
10   0   0   0   0   0   0   0   0   0   0   0

 [*,*,3]
:    0   1   2   3   4   5   6   7   8   9  10    :=
0    1   0   0   0   0   0   0   0   0   0   0
1    0   0   0   0   0   0   0   0   0   0   0
2    0   0   0   0   0   0   0   0   0   0   0
3    0   0   0   0   0   0   0   0   0   0   0
4    0   0   0   0   0   0   0   0   0   0   0
5    0   0   0   0   0   0   0   0   0   0   0
6    0   0   0   0   0   0   0   0   0   0   0
7    0   0   0   0   0   0   0   0   0   0   0
8    0   0   0   0   0   0   0   0   0   0   0
9    0   0   0   0   0   0   0   0   0   0   0
10   0   0   0   0   0   0   0   0   0   0   0
;

arrival_time [*,*]
:     1     2     3     :=
0    360   600   600
1    300     0   170
2    140     0     0
3    274     0     0
4     26     0     0
5    174     0    86
6     86     0     0
7     44     0     0
8    238     0     0
9      4     0     0
10   210     0     0
;

ampl: 