Performing restart 2
optimal integer solution; objective 152
31065270 MIP simplex iterations
1675607 branch-and-bound nodes
TotalCost = 152

: rental_start rental_end    :=
1        0           6
2        0           3
3       10          10
;

traversed [*,*,1]
:    0   1   2   3   4   5   6   7   8   9  10  11    :=
0    0   0   0   0   0   0   0   1   0   0   0   0
1    0   0   0   1   0   0   0   0   0   0   0   0
2    0   0   0   0   0   0   0   0   0   0   0   0
3    1   0   0   0   0   0   0   0   0   0   0   0
4    0   0   0   0   0   0   0   0   0   0   0   0
5    0   0   0   0   0   0   0   0   0   0   1   0
6    0   0   0   0   0   0   0   0   1   0   0   0
7    0   0   0   0   0   0   1   0   0   0   0   0
8    0   0   0   0   0   1   0   0   0   0   0   0
9    0   1   0   0   0   0   0   0   0   0   0   0
10   0   0   0   0   0   0   0   0   0   1   0   0
11   0   0   0   0   0   0   0   0   0   0   0   0

 [*,*,2]
:    0   1   2   3   4   5   6   7   8   9  10  11    :=
0    0   0   0   0   1   0   0   0   0   0   0   0
1    0   0   0   0   0   0   0   0   0   0   0   0
2    1   0   0   0   0   0   0   0   0   0   0   0
3    0   0   0   0   0   0   0   0   0   0   0   0
4    0   0   0   0   0   0   0   0   0   0   0   1
5    0   0   0   0   0   0   0   0   0   0   0   0
6    0   0   0   0   0   0   0   0   0   0   0   0
7    0   0   0   0   0   0   0   0   0   0   0   0
8    0   0   0   0   0   0   0   0   0   0   0   0
9    0   0   0   0   0   0   0   0   0   0   0   0
10   0   0   0   0   0   0   0   0   0   0   0   0
11   0   0   1   0   0   0   0   0   0   0   0   0

 [*,*,3]
:    0   1   2   3   4   5   6   7   8   9  10  11    :=
0    1   0   0   0   0   0   0   0   0   0   0   0
1    0   0   0   0   0   0   0   0   0   0   0   0
2    0   0   0   0   0   0   0   0   0   0   0   0
3    0   0   0   0   0   0   0   0   0   0   0   0
4    0   0   0   0   0   0   0   0   0   0   0   0
5    0   0   0   0   0   0   0   0   0   0   0   0
6    0   0   0   0   0   0   0   0   0   0   0   0
7    0   0   0   0   0   0   0   0   0   0   0   0
8    0   0   0   0   0   0   0   0   0   0   0   0
9    0   0   0   0   0   0   0   0   0   0   0   0
10   0   0   0   0   0   0   0   0   0   0   0   0
11   0   0   0   0   0   0   0   0   0   0   0   0
;

arrival_time [*,*]
:     1     2     3     :=
0    360   180   600
1    232     0     0
2      0    98     0
3    244    76     0
4      0    50     0
5    142     0     0
6     90    50     0
7     32     0     0
8    124     0     0
9    204    26     0
10   164     0     0
11     0    80     0
;

ampl: 