CPLEX 12.10.0.0: 
Performing restart 1
optimal integer solution; objective 158.5
3802404 MIP simplex iterations
226734 branch-and-bound nodes
TotalCost = 158.5

: rental_start rental_end    :=
1        0           5
2        0           4
3       10          10
;

traversed [*,*,1]
:    0   1   2   3   4   5   6   7   8   9  10    :=
0    0   0   0   0   0   1   0   0   0   0   0
1    0   0   0   0   0   0   0   0   0   0   0
2    0   0   0   0   0   0   0   0   0   0   0
3    0   0   0   0   0   0   0   0   0   1   0
4    0   0   0   0   0   0   0   1   0   0   0
5    0   0   0   0   1   0   0   0   0   0   0
6    0   0   0   0   0   0   0   0   0   0   0
7    0   0   0   0   0   0   0   0   1   0   0
8    0   0   0   1   0   0   0   0   0   0   0
9    1   0   0   0   0   0   0   0   0   0   0
10   0   0   0   0   0   0   0   0   0   0   0

 [*,*,2]
:    0   1   2   3   4   5   6   7   8   9  10    :=
0    0   0   0   0   0   0   1   0   0   0   0
1    0   0   0   0   0   0   0   0   0   0   1
2    1   0   0   0   0   0   0   0   0   0   0
3    0   0   0   0   0   0   0   0   0   0   0
4    0   0   0   0   0   0   0   0   0   0   0
5    0   0   0   0   0   0   0   0   0   0   0
6    0   1   0   0   0   0   0   0   0   0   0
7    0   0   0   0   0   0   0   0   0   0   0
8    0   0   0   0   0   0   0   0   0   0   0
9    0   0   0   0   0   0   0   0   0   0   0
10   0   0   1   0   0   0   0   0   0   0   0

 [*,*,3]
:    0   1   2   3   4   5   6   7   8   9  10    :=
0    1   0   0   0   0   0   0   0   0   0   0
1    0   0   0   0   0   0   0   0   0   0   0
2    0   0   0   0   0   0   0   0   0   0   0
3    0   0   0   0   0   0   0   0   0   0   0
4    0   0   0   0   0   0   0   0   0   0   0
5    0   0   0   0   0   0   0   0   0   0   0
6    0   0   0   0   0   0   0   0   0   0   0
7    0   0   0   0   0   0   0   0   0   0   0
8    0   0   0   0   0   0   0   0   0   0   0
9    0   0   0   0   0   0   0   0   0   0   0
10   0   0   0   0   0   0   0   0   0   0   0
;

arrival_time [*,*]
:     1     2     3     :=
0    300   240   600
1      0   106     0
2      0   154     0
3    196     0    94
4    110     0     0
5     84    86     0
6      0    80     0
7    138     0     0
8    158     0     0
9    216     0     0
10     0   134     0
;
