CPLEX 12.10.0.0: 
Performing restart 1

Performing restart 2
optimal integer solution; objective 250
924013068 MIP simplex iterations
41773988 branch-and-bound nodes
TotalCost = 250

: rental_start rental_end    :=
1        1           5
2        0          10
3       10          10
;

traversed [*,*,1]
:    0   1   2   3   4   5   6   7   8   9  10  11    :=
0    0   0   0   0   0   0   0   0   0   0   1   0
1    0   0   0   0   0   0   0   0   0   0   0   0
2    0   0   0   0   0   0   0   0   0   0   0   0
3    0   0   0   0   0   0   0   0   0   0   0   0
4    0   0   0   0   0   0   0   0   0   0   0   0
5    0   0   0   0   0   0   0   0   0   0   0   0
6    0   0   0   0   0   0   0   0   0   0   0   0
7    0   0   0   0   0   0   0   0   0   0   0   0
8    0   0   0   0   0   0   0   0   0   0   0   0
9    0   0   0   0   0   0   0   0   0   0   0   0
10   1   0   0   0   0   0   0   0   0   0   0   0
11   0   0   0   0   0   0   0   0   0   0   0   0

 [*,*,2]
:    0   1   2   3   4   5   6   7   8   9  10  11    :=
0    0   0   0   0   1   0   0   0   0   0   0   0
1    1   0   0   0   0   0   0   0   0   0   0   0
2    0   0   0   0   0   0   0   0   0   1   0   0
3    0   0   0   0   0   0   0   1   0   0   0   0
4    0   0   0   1   0   0   0   0   0   0   0   0
5    0   0   0   0   0   0   0   0   1   0   0   0
6    0   0   1   0   0   0   0   0   0   0   0   0
7    0   0   0   0   0   0   1   0   0   0   0   0
8    0   0   0   0   0   0   0   0   0   0   0   1
9    0   0   0   0   0   1   0   0   0   0   0   0
10   0   0   0   0   0   0   0   0   0   0   0   0
11   0   1   0   0   0   0   0   0   0   0   0   0

 [*,*,3]
:    0   1   2   3   4   5   6   7   8   9  10  11    :=
0    1   0   0   0   0   0   0   0   0   0   0   0
1    0   0   0   0   0   0   0   0   0   0   0   0
2    0   0   0   0   0   0   0   0   0   0   0   0
3    0   0   0   0   0   0   0   0   0   0   0   0
4    0   0   0   0   0   0   0   0   0   0   0   0
5    0   0   0   0   0   0   0   0   0   0   0   0
6    0   0   0   0   0   0   0   0   0   0   0   0
7    0   0   0   0   0   0   0   0   0   0   0   0
8    0   0   0   0   0   0   0   0   0   0   0   0
9    0   0   0   0   0   0   0   0   0   0   0   0
10   0   0   0   0   0   0   0   0   0   0   0   0
11   0   0   0   0   0   0   0   0   0   0   0   0
;

arrival_time [*,*]
:     1     2     3     :=
0    300   600   600
1      0   424     0
2      0   268     0
3    210   140     0
4    238   112     0
5    140   330     0
6      0   218     0
7      0   158     0
8    194   366     0
9      0   290     0
10   146    54     0
11    26   384     0
;