CPLEX 12.10.0.0: 
Performing restart 1

Performing restart 2
optimal integer solution; objective 251
109807824 MIP simplex iterations
4203097 branch-and-bound nodes
TotalCost = 251

: rental_start rental_end    :=
1        0           6
2        0           8
3       10          10
;

traversed [*,*,1]
:    0   1   2   3   4   5   6   7   8   9  10  11    :=
0    0   0   0   0   0   0   0   0   0   0   0   1
1    0   0   0   0   0   0   0   0   0   0   0   0
2    1   0   0   0   0   0   0   0   0   0   0   0
3    0   0   0   0   0   0   0   0   0   0   0   0
4    0   0   0   0   0   0   0   0   0   0   0   0
5    0   0   1   0   0   0   0   0   0   0   0   0
6    0   0   0   0   0   0   0   0   0   0   0   0
7    0   0   0   0   0   0   0   0   0   0   0   0
8    0   0   0   0   0   0   0   0   0   0   0   0
9    0   0   0   0   0   0   0   0   0   0   0   0
10   0   0   0   0   0   0   0   0   0   0   0   0
11   0   0   0   0   0   1   0   0   0   0   0   0

 [*,*,2]
:    0   1   2   3   4   5   6   7   8   9  10  11    :=
0    0   0   0   0   0   0   0   0   0   1   0   0
1    0   0   0   0   0   0   0   1   0   0   0   0
2    0   0   0   0   0   0   0   0   0   0   0   0
3    0   0   0   0   1   0   0   0   0   0   0   0
4    1   0   0   0   0   0   0   0   0   0   0   0
5    0   0   0   0   0   0   0   0   0   0   0   0
6    0   0   0   0   0   0   0   0   1   0   0   0
7    0   0   0   1   0   0   0   0   0   0   0   0
8    0   1   0   0   0   0   0   0   0   0   0   0
9    0   0   0   0   0   0   0   0   0   0   1   0
10   0   0   0   0   0   0   1   0   0   0   0   0
11   0   0   0   0   0   0   0   0   0   0   0   0

 [*,*,3]
:    0   1   2   3   4   5   6   7   8   9  10  11    :=
0    1   0   0   0   0   0   0   0   0   0   0   0
1    0   0   0   0   0   0   0   0   0   0   0   0
2    0   0   0   0   0   0   0   0   0   0   0   0
3    0   0   0   0   0   0   0   0   0   0   0   0
4    0   0   0   0   0   0   0   0   0   0   0   0
5    0   0   0   0   0   0   0   0   0   0   0   0
6    0   0   0   0   0   0   0   0   0   0   0   0
7    0   0   0   0   0   0   0   0   0   0   0   0
8    0   0   0   0   0   0   0   0   0   0   0   0
9    0   0   0   0   0   0   0   0   0   0   0   0
10   0   0   0   0   0   0   0   0   0   0   0   0
11   0   0   0   0   0   0   0   0   0   0   0   0
;

arrival_time [*,*]
:     1     2     3     :=
0    360   480   600
1      0   274    46
2    200     0     0
3    130   340     0
4      0   380     0
5    172    58     0
6      0   230     0
7    154   316     0
8      0   262     0
9      0   102     0
10     0   120     0
11   110     0     0
;