Performing restart 1
optimal integer solution; objective 160.5
898049 MIP simplex iterations
71134 branch-and-bound nodes
TotalCost = 160.5

: rental_start rental_end    :=
1       10          10
2        0           9
3       10          10
;

traversed [*,*,1]
:   0   1   2   3   4   5   6   7   8    :=
0   1   0   0   0   0   0   0   0   0
1   0   0   0   0   0   0   0   0   0
2   0   0   0   0   0   0   0   0   0
3   0   0   0   0   0   0   0   0   0
4   0   0   0   0   0   0   0   0   0
5   0   0   0   0   0   0   0   0   0
6   0   0   0   0   0   0   0   0   0
7   0   0   0   0   0   0   0   0   0
8   0   0   0   0   0   0   0   0   0

 [*,*,2]
:   0   1   2   3   4   5   6   7   8    :=
0   0   0   0   0   0   1   0   0   0
1   0   0   1   0   0   0   0   0   0
2   0   0   0   1   0   0   0   0   0
3   0   0   0   0   1   0   0   0   0
4   0   0   0   0   0   0   0   0   1
5   0   0   0   0   0   0   0   1   0
6   1   0   0   0   0   0   0   0   0
7   0   1   0   0   0   0   0   0   0
8   0   0   0   0   0   0   1   0   0

 [*,*,3]
:   0   1   2   3   4   5   6   7   8    :=
0   1   0   0   0   0   0   0   0   0
1   0   0   0   0   0   0   0   0   0
2   0   0   0   0   0   0   0   0   0
3   0   0   0   0   0   0   0   0   0
4   0   0   0   0   0   0   0   0   0
5   0   0   0   0   0   0   0   0   0
6   0   0   0   0   0   0   0   0   0
7   0   0   0   0   0   0   0   0   0
8   0   0   0   0   0   0   0   0   0
;

arrival_time [*,*]
:    1     2     3     :=
0   600   540   600
1     0   170     0
2     0   190   190
3     0   226     0
4     0   252   248
5   166   124     0
6     0   408     0
7   236   144     0
8   178   292     0
;
