Performing restart 1
optimal integer solution; objective 198
1031016 MIP simplex iterations
57812 branch-and-bound nodes
TotalCost = 198

: rental_start rental_end    :=
1        0           5
2        0           6
3       10          10
;

traversed [*,*,1]
:   0   1   2   3   4   5   6   7   8   9    :=
0   0   1   0   0   0   0   0   0   0   0
1   0   0   0   0   0   0   0   1   0   0
2   0   0   0   0   0   0   0   0   0   0
3   1   0   0   0   0   0   0   0   0   0
4   0   0   0   0   0   0   0   0   0   0
5   0   0   0   0   0   0   0   0   0   0
6   0   0   0   1   0   0   0   0   0   0
7   0   0   0   0   0   0   1   0   0   0
8   0   0   0   0   0   0   0   0   0   0
9   0   0   0   0   0   0   0   0   0   0

 [*,*,2]
:   0   1   2   3   4   5   6   7   8   9    :=
0   0   0   0   0   1   0   0   0   0   0
1   0   0   0   0   0   0   0   0   0   0
2   0   0   0   0   0   0   0   0   0   1
3   0   0   0   0   0   0   0   0   0   0
4   0   0   0   0   0   0   0   0   1   0
5   0   0   1   0   0   0   0   0   0   0
6   0   0   0   0   0   0   0   0   0   0
7   0   0   0   0   0   0   0   0   0   0
8   0   0   0   0   0   1   0   0   0   0
9   1   0   0   0   0   0   0   0   0   0

 [*,*,3]
:   0   1   2   3   4   5   6   7   8   9    :=
0   1   0   0   0   0   0   0   0   0   0
1   0   0   0   0   0   0   0   0   0   0
2   0   0   0   0   0   0   0   0   0   0
3   0   0   0   0   0   0   0   0   0   0
4   0   0   0   0   0   0   0   0   0   0
5   0   0   0   0   0   0   0   0   0   0
6   0   0   0   0   0   0   0   0   0   0
7   0   0   0   0   0   0   0   0   0   0
8   0   0   0   0   0   0   0   0   0   0
9   0   0   0   0   0   0   0   0   0   0
;

arrival_time [*,*]
:    1     2     3     :=
0   300   360   600
1    68   252     0
2     0   230     0
3   192     8     0
4     0   136     0
5     0   182     0
6   170     0     0
7   116    24     0
8     0   156     0
9    34   286     0
;

ampl: 