Performing restart 1

Performing restart 2
optimal integer solution within mipgap or absmipgap; objective 230.6
28868894 MIP simplex iterations
1468173 branch-and-bound nodes
absmipgap = 0.0187279, relmipgap = 8.12139e-05
TotalCost = 230.6

: rental_start rental_end    :=
1    0.566667     5.56667
2    0.1          7.56667
3   10           10
;

traversed [*,*,1]
:    0   1   2   3   4   5   6   7   8   9  10    :=
0    0   0   0   0   0   1   0   0   0   0   0
1    0   0   0   0   0   0   0   0   0   0   0
2    0   0   0   0   0   0   0   0   0   0   0
3    0   0   0   0   0   0   0   0   0   0   1
4    0   0   0   0   0   0   0   0   0   0   0
5    0   0   0   0   0   0   0   0   1   0   0
6    0   0   0   0   0   0   0   0   0   0   0
7    0   0   0   0   0   0   0   0   0   0   0
8    0   0   0   1   0   0   0   0   0   0   0
9    0   0   0   0   0   0   0   0   0   0   0
10   1   0   0   0   0   0   0   0   0   0   0

 [*,*,2]
:    0   1   2   3   4   5   6   7   8   9  10    :=
0    0   0   0   0   1   0   0   0   0   0   0
1    0   0   0   0   0   0   0   0   0   1   0
2    0   0   0   0   0   0   1   0   0   0   0
3    0   0   0   0   0   0   0   0   0   0   0
4    0   1   0   0   0   0   0   0   0   0   0
5    0   0   0   0   0   0   0   0   0   0   0
6    1   0   0   0   0   0   0   0   0   0   0
7    0   0   1   0   0   0   0   0   0   0   0
8    0   0   0   0   0   0   0   0   0   0   0
9    0   0   0   0   0   0   0   1   0   0   0
10   0   0   0   0   0   0   0   0   0   0   0

 [*,*,3]
:    0   1   2   3   4   5   6   7   8   9  10    :=
0    1   0   0   0   0   0   0   0   0   0   0
1    0   0   0   0   0   0   0   0   0   0   0
2    0   0   0   0   0   0   0   0   0   0   0
3    0   0   0   0   0   0   0   0   0   0   0
4    0   0   0   0   0   0   0   0   0   0   0
5    0   0   0   0   0   0   0   0   0   0   0
6    0   0   0   0   0   0   0   0   0   0   0
7    0   0   0   0   0   0   0   0   0   0   0
8    0   0   0   0   0   0   0   0   0   0   0
9    0   0   0   0   0   0   0   0   0   0   0
10   0   0   0   0   0   0   0   0   0   0   0
;

arrival_time [*,*]
:     1     2     3     :=
0    334   454   600
1      0   134     0
2      0   308     0
3    184     0     0
4      0    96   464
5    140     0     0
6      0   350     0
7      0   240     0
8    168     0     0
9      0   194     0
10   220   160     0
;