
Performing restart 2
optimal integer solution within mipgap or absmipgap; objective 172.1
18690156 MIP simplex iterations
1066979 branch-and-bound nodes
absmipgap = 0.0137295, relmipgap = 7.97763e-05
TotalCost = 172.1

: rental_start rental_end    :=
1    0            3.6
2    0.0666667    5.93333
3   10           10
;

traversed [*,*,1]
:    0   1   2   3   4   5   6   7   8   9  10    :=
0    0   0   0   0   0   0   0   0   0   0   1
1    0   0   0   0   0   0   0   0   0   0   0
2    0   0   0   0   0   0   0   0   0   0   0
3    0   0   0   0   0   0   0   0   0   0   0
4    0   0   0   0   0   0   0   0   1   0   0
5    0   0   0   0   0   0   0   0   0   0   0
6    0   0   0   0   1   0   0   0   0   0   0
7    0   0   0   0   0   0   0   0   0   0   0
8    1   0   0   0   0   0   0   0   0   0   0
9    0   0   0   0   0   0   0   0   0   0   0
10   0   0   0   0   0   0   1   0   0   0   0

 [*,*,2]
:    0   1   2   3   4   5   6   7   8   9  10    :=
0    0   0   0   0   0   0   0   1   0   0   0
1    0   0   0   0   0   1   0   0   0   0   0
2    0   0   0   1   0   0   0   0   0   0   0
3    1   0   0   0   0   0   0   0   0   0   0
4    0   0   0   0   0   0   0   0   0   0   0
5    0   0   1   0   0   0   0   0   0   0   0
6    0   0   0   0   0   0   0   0   0   0   0
7    0   0   0   0   0   0   0   0   0   1   0
8    0   0   0   0   0   0   0   0   0   0   0
9    0   1   0   0   0   0   0   0   0   0   0
10   0   0   0   0   0   0   0   0   0   0   0

 [*,*,3]
:    0   1   2   3   4   5   6   7   8   9  10    :=
0    1   0   0   0   0   0   0   0   0   0   0
1    0   0   0   0   0   0   0   0   0   0   0
2    0   0   0   0   0   0   0   0   0   0   0
3    0   0   0   0   0   0   0   0   0   0   0
4    0   0   0   0   0   0   0   0   0   0   0
5    0   0   0   0   0   0   0   0   0   0   0
6    0   0   0   0   0   0   0   0   0   0   0
7    0   0   0   0   0   0   0   0   0   0   0
8    0   0   0   0   0   0   0   0   0   0   0
9    0   0   0   0   0   0   0   0   0   0   0
10   0   0   0   0   0   0   0   0   0   0   0
;

arrival_time [*,*]
:     1     2     3     :=
0    216   356   600
1      0   130     0
2      0   236     0
3      0   260     0
4    108    62     0
5      0   174     0
6     72   278     0
7      0    58   442
8    164    36     0
9      0   104     0
10    50     0     0
;

ampl: 