Performing restart 1

Performing restart 2
optimal integer solution within mipgap or absmipgap; objective 246.3
368738344 MIP simplex iterations
13572641 branch-and-bound nodes
absmipgap = 0.0244071, relmipgap = 9.90951e-05
TotalCost = 246.3

: rental_start rental_end    :=
1        0        7.36667
2        0        6.03333
3       10       10
;

traversed [*,*,1]
:    0   1   2   3   4   5   6   7   8   9  10  11  12    :=
0    0   0   0   0   0   0   1   0   0   0   0   0   0
1    0   0   0   0   0   0   0   0   0   0   0   0   0
2    0   0   0   0   0   0   0   0   0   0   0   0   1
3    1   0   0   0   0   0   0   0   0   0   0   0   0
4    0   0   0   0   0   0   0   1   0   0   0   0   0
5    0   0   0   0   0   0   0   0   0   0   0   0   0
6    0   0   1   0   0   0   0   0   0   0   0   0   0
7    0   0   0   0   0   0   0   0   1   0   0   0   0
8    0   0   0   1   0   0   0   0   0   0   0   0   0
9    0   0   0   0   0   0   0   0   0   0   0   0   0
10   0   0   0   0   0   0   0   0   0   0   0   0   0
11   0   0   0   0   0   0   0   0   0   0   0   0   0
12   0   0   0   0   1   0   0   0   0   0   0   0   0

 [*,*,2]
:    0   1   2   3   4   5   6   7   8   9  10  11  12    :=
0    0   0   0   0   0   0   0   0   0   0   1   0   0
1    0   0   0   0   0   1   0   0   0   0   0   0   0
2    0   0   0   0   0   0   0   0   0   0   0   0   0
3    0   0   0   0   0   0   0   0   0   0   0   0   0
4    0   0   0   0   0   0   0   0   0   0   0   0   0
5    0   0   0   0   0   0   0   0   0   1   0   0   0
6    0   0   0   0   0   0   0   0   0   0   0   0   0
7    0   0   0   0   0   0   0   0   0   0   0   0   0
8    0   0   0   0   0   0   0   0   0   0   0   0   0
9    0   0   0   0   0   0   0   0   0   0   0   1   0
10   0   1   0   0   0   0   0   0   0   0   0   0   0
11   1   0   0   0   0   0   0   0   0   0   0   0   0
12   0   0   0   0   0   0   0   0   0   0   0   0   0

 [*,*,3]
:    0   1   2   3   4   5   6   7   8   9  10  11  12    :=
0    1   0   0   0   0   0   0   0   0   0   0   0   0
1    0   0   0   0   0   0   0   0   0   0   0   0   0
2    0   0   0   0   0   0   0   0   0   0   0   0   0
3    0   0   0   0   0   0   0   0   0   0   0   0   0
4    0   0   0   0   0   0   0   0   0   0   0   0   0
5    0   0   0   0   0   0   0   0   0   0   0   0   0
6    0   0   0   0   0   0   0   0   0   0   0   0   0
7    0   0   0   0   0   0   0   0   0   0   0   0   0
8    0   0   0   0   0   0   0   0   0   0   0   0   0
9    0   0   0   0   0   0   0   0   0   0   0   0   0
10   0   0   0   0   0   0   0   0   0   0   0   0   0
11   0   0   0   0   0   0   0   0   0   0   0   0   0
12   0   0   0   0   0   0   0   0   0   0   0   0   0
;

arrival_time [*,*]
:     1     2     3     :=
0    442   362   600
1      0   160     0
2    122     0     0
3    292     0     0
4    186     0   164
5     38   192     0
6     88     0     0
7    206     0   234
8    250     0   280
9      6   224     0
10     0   132    38
11    38   252     0
12   136     0    34
;