CPLEX 12.10.0.0: 
Performing restart 1

Performing restart 2
optimal integer solution within mipgap or absmipgap; objective 207.4
201796541 MIP simplex iterations
7703160 branch-and-bound nodes
absmipgap = 0.0204918, relmipgap = 9.88033e-05
TotalCost = 207.4

: rental_start rental_end    :=
1        0        3
2        0        0
3        0        8.53333
4       10       10
;

traversed [*,*,1]
:    0   1   2   3   4   5   6   7   8   9  10  11  12  13  14    :=
0    0   0   0   0   0   1   0   0   0   0   0   0   0   0   0
1    0   0   0   0   0   0   0   0   0   0   0   0   0   0   0
2    0   0   0   0   0   0   0   0   0   0   0   1   0   0   0
3    0   0   0   0   0   0   0   0   0   0   0   0   0   0   0
4    0   0   0   0   0   0   0   0   0   0   0   0   0   0   0
5    0   0   0   0   0   0   0   0   0   0   0   0   0   1   0
6    0   0   0   0   0   0   0   0   0   0   0   0   0   0   0
7    0   0   0   0   0   0   0   0   0   0   0   0   0   0   0
8    0   0   0   0   0   0   0   0   0   0   0   0   0   0   0
9    0   0   0   0   0   0   0   0   0   0   0   0   0   0   0
10   0   0   0   0   0   0   0   0   0   0   0   0   0   0   0
11   1   0   0   0   0   0   0   0   0   0   0   0   0   0   0
12   0   0   0   0   0   0   0   0   0   0   0   0   0   0   0
13   0   0   1   0   0   0   0   0   0   0   0   0   0   0   0
14   0   0   0   0   0   0   0   0   0   0   0   0   0   0   0

 [*,*,2]
:    0   1   2   3   4   5   6   7   8   9  10  11  12  13  14    :=
0    1   0   0   0   0   0   0   0   0   0   0   0   0   0   0
1    0   0   0   0   0   0   0   0   0   0   0   0   0   0   0
2    0   0   0   0   0   0   0   0   0   0   0   0   0   0   0
3    0   0   0   0   0   0   0   0   0   0   0   0   0   0   0
4    0   0   0   0   0   0   0   0   0   0   0   0   0   0   0
5    0   0   0   0   0   0   0   0   0   0   0   0   0   0   0
6    0   0   0   0   0   0   0   0   0   0   0   0   0   0   0
7    0   0   0   0   0   0   0   0   0   0   0   0   0   0   0
8    0   0   0   0   0   0   0   0   0   0   0   0   0   0   0
9    0   0   0   0   0   0   0   0   0   0   0   0   0   0   0
10   0   0   0   0   0   0   0   0   0   0   0   0   0   0   0
11   0   0   0   0   0   0   0   0   0   0   0   0   0   0   0
12   0   0   0   0   0   0   0   0   0   0   0   0   0   0   0
13   0   0   0   0   0   0   0   0   0   0   0   0   0   0   0
14   0   0   0   0   0   0   0   0   0   0   0   0   0   0   0

 [*,*,3]
:    0   1   2   3   4   5   6   7   8   9  10  11  12  13  14    :=
0    0   0   0   0   0   0   1   0   0   0   0   0   0   0   0
1    0   0   0   0   0   0   0   0   0   0   0   0   0   0   1
2    0   0   0   0   0   0   0   0   0   0   0   0   0   0   0
3    0   0   0   0   0   0   0   1   0   0   0   0   0   0   0
4    0   0   0   0   0   0   0   0   0   0   0   0   1   0   0
5    0   0   0   0   0   0   0   0   0   0   0   0   0   0   0
6    0   0   0   0   0   0   0   0   0   1   0   0   0   0   0
7    0   0   0   0   0   0   0   0   0   0   1   0   0   0   0
8    0   0   0   1   0   0   0   0   0   0   0   0   0   0   0
9    0   1   0   0   0   0   0   0   0   0   0   0   0   0   0
10   1   0   0   0   0   0   0   0   0   0   0   0   0   0   0
11   0   0   0   0   0   0   0   0   0   0   0   0   0   0   0
12   0   0   0   0   0   0   0   0   1   0   0   0   0   0   0
13   0   0   0   0   0   0   0   0   0   0   0   0   0   0   0
14   0   0   0   0   1   0   0   0   0   0   0   0   0   0   0

 [*,*,4]
:    0   1   2   3   4   5   6   7   8   9  10  11  12  13  14    :=
0    1   0   0   0   0   0   0   0   0   0   0   0   0   0   0
1    0   0   0   0   0   0   0   0   0   0   0   0   0   0   0
2    0   0   0   0   0   0   0   0   0   0   0   0   0   0   0
3    0   0   0   0   0   0   0   0   0   0   0   0   0   0   0
4    0   0   0   0   0   0   0   0   0   0   0   0   0   0   0
5    0   0   0   0   0   0   0   0   0   0   0   0   0   0   0
6    0   0   0   0   0   0   0   0   0   0   0   0   0   0   0
7    0   0   0   0   0   0   0   0   0   0   0   0   0   0   0
8    0   0   0   0   0   0   0   0   0   0   0   0   0   0   0
9    0   0   0   0   0   0   0   0   0   0   0   0   0   0   0
10   0   0   0   0   0   0   0   0   0   0   0   0   0   0   0
11   0   0   0   0   0   0   0   0   0   0   0   0   0   0   0
12   0   0   0   0   0   0   0   0   0   0   0   0   0   0   0
13   0   0   0   0   0   0   0   0   0   0   0   0   0   0   0
14   0   0   0   0   0   0   0   0   0   0   0   0   0   0   0
;

arrival_time [*,*]
:     1     2     3     4     :=
0    180     0   512   600
1     26     0   114     0
2    120   440     0     0
3      0    48   362     0
4      0     0   188     0
5     48     0     0     0
6      0    10    40     0
7      0     0   380    60
8      0    80   300     0
9    372     0    68     0
10     0    68   462     0
11   134     0   306     0
12     0     0   238     0
13    74     6     0     0
14     0     0   150     0
;