Performing restart 2
optimal integer solution; objective 256
585574877 MIP simplex iterations
19798094 branch-and-bound nodes
TotalCost = 256

: rental_start rental_end    :=
1        0           6
2        0           8
3       10          10
;

traversed [*,*,1]
:    0   1   2   3   4   5   6   7   8   9  10  11  12    :=
0    0   0   0   0   0   0   0   0   0   0   1   0   0
1    0   0   0   0   0   0   0   0   0   0   0   0   0
2    0   0   0   0   0   0   0   0   0   0   0   0   0
3    0   0   0   0   0   0   0   0   0   0   0   0   0
4    0   0   0   0   0   0   0   0   0   0   0   0   0
5    0   0   0   0   0   0   0   0   0   1   0   0   0
6    0   0   0   0   0   0   0   0   0   0   0   0   0
7    0   0   0   0   0   0   0   0   0   0   0   0   0
8    0   0   0   0   0   0   0   0   0   0   0   0   0
9    0   0   0   0   0   0   0   0   0   0   0   1   0
10   0   0   0   0   0   1   0   0   0   0   0   0   0
11   1   0   0   0   0   0   0   0   0   0   0   0   0
12   0   0   0   0   0   0   0   0   0   0   0   0   0

 [*,*,2]
:    0   1   2   3   4   5   6   7   8   9  10  11  12    :=
0    0   0   0   0   0   0   1   0   0   0   0   0   0
1    0   0   0   1   0   0   0   0   0   0   0   0   0
2    0   0   0   0   0   0   0   0   0   0   0   0   1
3    1   0   0   0   0   0   0   0   0   0   0   0   0
4    0   0   0   0   0   0   0   1   0   0   0   0   0
5    0   0   0   0   0   0   0   0   0   0   0   0   0
6    0   0   1   0   0   0   0   0   0   0   0   0   0
7    0   0   0   0   0   0   0   0   1   0   0   0   0
8    0   1   0   0   0   0   0   0   0   0   0   0   0
9    0   0   0   0   0   0   0   0   0   0   0   0   0
10   0   0   0   0   0   0   0   0   0   0   0   0   0
11   0   0   0   0   0   0   0   0   0   0   0   0   0
12   0   0   0   0   1   0   0   0   0   0   0   0   0

 [*,*,3]
:    0   1   2   3   4   5   6   7   8   9  10  11  12    :=
0    1   0   0   0   0   0   0   0   0   0   0   0   0
1    0   0   0   0   0   0   0   0   0   0   0   0   0
2    0   0   0   0   0   0   0   0   0   0   0   0   0
3    0   0   0   0   0   0   0   0   0   0   0   0   0
4    0   0   0   0   0   0   0   0   0   0   0   0   0
5    0   0   0   0   0   0   0   0   0   0   0   0   0
6    0   0   0   0   0   0   0   0   0   0   0   0   0
7    0   0   0   0   0   0   0   0   0   0   0   0   0
8    0   0   0   0   0   0   0   0   0   0   0   0   0
9    0   0   0   0   0   0   0   0   0   0   0   0   0
10   0   0   0   0   0   0   0   0   0   0   0   0   0
11   0   0   0   0   0   0   0   0   0   0   0   0   0
12   0   0   0   0   0   0   0   0   0   0   0   0   0
;

arrival_time [*,*]
:     1     2     3     :=
0    360   480   600
1      0   298     0
2      0   122   108
3      0   330   170
4      0   186     0
5    190     0     0
6      0    88   412
7    234   206     0
8    272   258     0
9    222     0     0
10   140    30     0
11   250     0     0
12    34   136     0
;

ampl: 