optimal integer solution; objective 213
158269814 MIP simplex iterations
6013606 branch-and-bound nodes
TotalCost = 213

: rental_start rental_end    :=
1        0           3
2        1           1
3        0           9
4       10          10
;

traversed [*,*,1]
:    0   1   2   3   4   5   6   7   8   9  10  11  12  13  14    :=
0    0   0   0   0   0   1   0   0   0   0   0   0   0   0   0
1    0   0   0   0   0   0   0   0   0   0   0   0   0   0   0
2    1   0   0   0   0   0   0   0   0   0   0   0   0   0   0
3    0   0   0   0   0   0   0   0   0   0   0   0   0   0   0
4    0   0   0   0   0   0   0   0   0   0   0   0   0   0   0
5    0   0   0   0   0   0   0   0   0   0   0   0   0   1   0
6    0   0   0   0   0   0   0   0   0   0   0   0   0   0   0
7    0   0   0   0   0   0   0   0   0   0   0   0   0   0   0
8    0   0   0   0   0   0   0   0   0   0   0   0   0   0   0
9    0   0   0   0   0   0   0   0   0   0   0   0   0   0   0
10   0   0   0   0   0   0   0   0   0   0   0   0   0   0   0
11   0   0   1   0   0   0   0   0   0   0   0   0   0   0   0
12   0   0   0   0   0   0   0   0   0   0   0   0   0   0   0
13   0   0   0   0   0   0   0   0   0   0   0   1   0   0   0
14   0   0   0   0   0   0   0   0   0   0   0   0   0   0   0

 [*,*,2]
:    0   1   2   3   4   5   6   7   8   9  10  11  12  13  14    :=
0    1   0   0   0   0   0   0   0   0   0   0   0   0   0   0
1    0   0   0   0   0   0   0   0   0   0   0   0   0   0   0
2    0   0   0   0   0   0   0   0   0   0   0   0   0   0   0
3    0   0   0   0   0   0   0   0   0   0   0   0   0   0   0
4    0   0   0   0   0   0   0   0   0   0   0   0   0   0   0
5    0   0   0   0   0   0   0   0   0   0   0   0   0   0   0
6    0   0   0   0   0   0   0   0   0   0   0   0   0   0   0
7    0   0   0   0   0   0   0   0   0   0   0   0   0   0   0
8    0   0   0   0   0   0   0   0   0   0   0   0   0   0   0
9    0   0   0   0   0   0   0   0   0   0   0   0   0   0   0
10   0   0   0   0   0   0   0   0   0   0   0   0   0   0   0
11   0   0   0   0   0   0   0   0   0   0   0   0   0   0   0
12   0   0   0   0   0   0   0   0   0   0   0   0   0   0   0
13   0   0   0   0   0   0   0   0   0   0   0   0   0   0   0
14   0   0   0   0   0   0   0   0   0   0   0   0   0   0   0

 [*,*,3]
:    0   1   2   3   4   5   6   7   8   9  10  11  12  13  14    :=
0    0   0   0   0   0   0   1   0   0   0   0   0   0   0   0
1    0   0   0   0   0   0   0   0   0   0   0   0   0   0   1
2    0   0   0   0   0   0   0   0   0   0   0   0   0   0   0
3    0   0   0   0   0   0   0   1   0   0   0   0   0   0   0
4    0   0   0   0   0   0   0   0   0   0   0   0   1   0   0
5    0   0   0   0   0   0   0   0   0   0   0   0   0   0   0
6    0   0   0   0   0   0   0   0   0   1   0   0   0   0   0
7    0   0   0   0   0   0   0   0   0   0   1   0   0   0   0
8    0   0   0   1   0   0   0   0   0   0   0   0   0   0   0
9    0   1   0   0   0   0   0   0   0   0   0   0   0   0   0
10   1   0   0   0   0   0   0   0   0   0   0   0   0   0   0
11   0   0   0   0   0   0   0   0   0   0   0   0   0   0   0
12   0   0   0   0   0   0   0   0   1   0   0   0   0   0   0
13   0   0   0   0   0   0   0   0   0   0   0   0   0   0   0
14   0   0   0   0   1   0   0   0   0   0   0   0   0   0   0

 [*,*,4]
:    0   1   2   3   4   5   6   7   8   9  10  11  12  13  14    :=
0    1   0   0   0   0   0   0   0   0   0   0   0   0   0   0
1    0   0   0   0   0   0   0   0   0   0   0   0   0   0   0
2    0   0   0   0   0   0   0   0   0   0   0   0   0   0   0
3    0   0   0   0   0   0   0   0   0   0   0   0   0   0   0
4    0   0   0   0   0   0   0   0   0   0   0   0   0   0   0
5    0   0   0   0   0   0   0   0   0   0   0   0   0   0   0
6    0   0   0   0   0   0   0   0   0   0   0   0   0   0   0
7    0   0   0   0   0   0   0   0   0   0   0   0   0   0   0
8    0   0   0   0   0   0   0   0   0   0   0   0   0   0   0
9    0   0   0   0   0   0   0   0   0   0   0   0   0   0   0
10   0   0   0   0   0   0   0   0   0   0   0   0   0   0   0
11   0   0   0   0   0   0   0   0   0   0   0   0   0   0   0
12   0   0   0   0   0   0   0   0   0   0   0   0   0   0   0
13   0   0   0   0   0   0   0   0   0   0   0   0   0   0   0
14   0   0   0   0   0   0   0   0   0   0   0   0   0   0   0
;

arrival_time [*,*]
:     1     2     3     4     :=
0    180    60   540   600
1      0     0   114     0
2    138   422     0     0
3     48     0   362     0
4      0     0   188     0
5     48     0     0     0
6      0     0    40     0
7      0    60   380     0
8      0    80   300     0
9      0     0    68     0
10     0     0   462     0
11   124     0     0     0
12     0   142   238     0
13    74     0     0     0
14     0    20   150     0
;

ampl: 