CPLEX 12.10.0.0: 
Performing restart 1

Performing restart 2
optimal integer solution within mipgap or absmipgap; objective 237.8
74023242 MIP simplex iterations
3218024 branch-and-bound nodes
absmipgap = 0.0236484, relmipgap = 9.94467e-05
TotalCost = 237.8

: rental_start rental_end    :=
1        0        7.26667
2        0        5.63333
3       10       10
;

traversed [*,*,1]
:    0   1   2   3   4   5   6   7   8   9  10  11    :=
0    0   0   0   0   0   0   0   0   0   1   0   0
1    0   0   0   1   0   0   0   0   0   0   0   0
2    0   0   0   0   0   0   0   0   0   0   0   0
3    0   0   0   0   1   0   0   0   0   0   0   0
4    1   0   0   0   0   0   0   0   0   0   0   0
5    0   0   0   0   0   0   0   0   0   0   0   0
6    0   0   0   0   0   0   0   0   1   0   0   0
7    0   0   0   0   0   0   1   0   0   0   0   0
8    0   1   0   0   0   0   0   0   0   0   0   0
9    0   0   0   0   0   0   0   0   0   0   1   0
10   0   0   0   0   0   0   0   1   0   0   0   0
11   0   0   0   0   0   0   0   0   0   0   0   0

 [*,*,2]
:    0   1   2   3   4   5   6   7   8   9  10  11    :=
0    0   0   0   0   0   0   0   0   0   0   0   1
1    0   0   0   0   0   0   0   0   0   0   0   0
2    1   0   0   0   0   0   0   0   0   0   0   0
3    0   0   0   0   0   0   0   0   0   0   0   0
4    0   0   0   0   0   0   0   0   0   0   0   0
5    0   0   1   0   0   0   0   0   0   0   0   0
6    0   0   0   0   0   0   0   0   0   0   0   0
7    0   0   0   0   0   0   0   0   0   0   0   0
8    0   0   0   0   0   0   0   0   0   0   0   0
9    0   0   0   0   0   0   0   0   0   0   0   0
10   0   0   0   0   0   0   0   0   0   0   0   0
11   0   0   0   0   0   1   0   0   0   0   0   0

 [*,*,3]
:    0   1   2   3   4   5   6   7   8   9  10  11    :=
0    1   0   0   0   0   0   0   0   0   0   0   0
1    0   0   0   0   0   0   0   0   0   0   0   0
2    0   0   0   0   0   0   0   0   0   0   0   0
3    0   0   0   0   0   0   0   0   0   0   0   0
4    0   0   0   0   0   0   0   0   0   0   0   0
5    0   0   0   0   0   0   0   0   0   0   0   0
6    0   0   0   0   0   0   0   0   0   0   0   0
7    0   0   0   0   0   0   0   0   0   0   0   0
8    0   0   0   0   0   0   0   0   0   0   0   0
9    0   0   0   0   0   0   0   0   0   0   0   0
10   0   0   0   0   0   0   0   0   0   0   0   0
11   0   0   0   0   0   0   0   0   0   0   0   0
;

arrival_time [*,*]
:     1     2     3     :=
0    436   338   600
1    252     0     0
2      0   200     0
3    308     0     0
4    348     0     0
5      0   172     0
6    208     0    22
7    142     0     0
8    240     0     0
9    102    38     0
10   120     0     0
11    90   110     0
;
