CPLEX 12.10.0.0: 
Performing restart 1
optimal integer solution within mipgap or absmipgap; objective 81.1
8699228 MIP simplex iterations
479204 branch-and-bound nodes
absmipgap = 0.00408163, relmipgap = 5.03284e-05
TotalCost = 81.1

: rental_start rental_end    :=
1    0.0333333    4.83333
2   10           10
3   10           10
;

traversed [*,*,1]
:    0   1   2   3   4   5   6   7   8   9  10    :=
0    0   0   0   0   0   0   1   0   0   0   0
1    0   0   0   0   0   0   0   0   0   0   1
2    0   0   0   0   1   0   0   0   0   0   0
3    1   0   0   0   0   0   0   0   0   0   0
4    0   0   0   1   0   0   0   0   0   0   0
5    0   0   0   0   0   0   0   0   0   1   0
6    0   0   0   0   0   0   0   0   1   0   0
7    0   1   0   0   0   0   0   0   0   0   0
8    0   0   0   0   0   0   0   1   0   0   0
9    0   0   1   0   0   0   0   0   0   0   0
10   0   0   0   0   0   1   0   0   0   0   0

 [*,*,2]
:    0   1   2   3   4   5   6   7   8   9  10    :=
0    1   0   0   0   0   0   0   0   0   0   0
1    0   0   0   0   0   0   0   0   0   0   0
2    0   0   0   0   0   0   0   0   0   0   0
3    0   0   0   0   0   0   0   0   0   0   0
4    0   0   0   0   0   0   0   0   0   0   0
5    0   0   0   0   0   0   0   0   0   0   0
6    0   0   0   0   0   0   0   0   0   0   0
7    0   0   0   0   0   0   0   0   0   0   0
8    0   0   0   0   0   0   0   0   0   0   0
9    0   0   0   0   0   0   0   0   0   0   0
10   0   0   0   0   0   0   0   0   0   0   0

 [*,*,3]
:    0   1   2   3   4   5   6   7   8   9  10    :=
0    1   0   0   0   0   0   0   0   0   0   0
1    0   0   0   0   0   0   0   0   0   0   0
2    0   0   0   0   0   0   0   0   0   0   0
3    0   0   0   0   0   0   0   0   0   0   0
4    0   0   0   0   0   0   0   0   0   0   0
5    0   0   0   0   0   0   0   0   0   0   0
6    0   0   0   0   0   0   0   0   0   0   0
7    0   0   0   0   0   0   0   0   0   0   0
8    0   0   0   0   0   0   0   0   0   0   0
9    0   0   0   0   0   0   0   0   0   0   0
10   0   0   0   0   0   0   0   0   0   0   0
;

arrival_time [*,*]
:     1     2     3     :=
0    290   600   600
1     90    50     0
2    196     0     0
3    230     0     0
4    218     0    72
5    140     0     0
6     28     0     0
7     74     0     0
8     44   186     0
9    156     0     0
10   104     0     0
;