CPLEX 12.10.0.0: 
Performing restart 1

Performing restart 2
optimal integer solution within mipgap or absmipgap; objective 142.5
26107088 MIP simplex iterations
1328531 branch-and-bound nodes
absmipgap = 0.013452, relmipgap = 9.44e-05
TotalCost = 142.5

: rental_start rental_end    :=
1        0        5.16667
2        0        3
3       10       10
;

traversed [*,*,1]
:    0   1   2   3   4   5   6   7   8   9  10  11    :=
0    0   0   0   0   0   0   1   0   0   0   0   0
1    0   0   0   1   0   0   0   0   0   0   0   0
2    0   0   0   0   0   0   0   0   0   0   0   0
3    1   0   0   0   0   0   0   0   0   0   0   0
4    0   0   0   0   0   0   0   0   0   0   0   0
5    0   0   0   0   0   0   0   0   0   0   1   0
6    0   0   0   0   0   0   0   0   1   0   0   0
7    0   0   0   0   0   0   0   0   0   0   0   0
8    0   0   0   0   0   1   0   0   0   0   0   0
9    0   1   0   0   0   0   0   0   0   0   0   0
10   0   0   0   0   0   0   0   0   0   1   0   0
11   0   0   0   0   0   0   0   0   0   0   0   0

 [*,*,2]
:    0   1   2   3   4   5   6   7   8   9  10  11    :=
0    0   0   0   0   1   0   0   0   0   0   0   0
1    0   0   0   0   0   0   0   0   0   0   0   0
2    0   0   0   0   0   0   0   1   0   0   0   0
3    0   0   0   0   0   0   0   0   0   0   0   0
4    0   0   0   0   0   0   0   0   0   0   0   1
5    0   0   0   0   0   0   0   0   0   0   0   0
6    0   0   0   0   0   0   0   0   0   0   0   0
7    1   0   0   0   0   0   0   0   0   0   0   0
8    0   0   0   0   0   0   0   0   0   0   0   0
9    0   0   0   0   0   0   0   0   0   0   0   0
10   0   0   0   0   0   0   0   0   0   0   0   0
11   0   0   1   0   0   0   0   0   0   0   0   0

 [*,*,3]
:    0   1   2   3   4   5   6   7   8   9  10  11    :=
0    1   0   0   0   0   0   0   0   0   0   0   0
1    0   0   0   0   0   0   0   0   0   0   0   0
2    0   0   0   0   0   0   0   0   0   0   0   0
3    0   0   0   0   0   0   0   0   0   0   0   0
4    0   0   0   0   0   0   0   0   0   0   0   0
5    0   0   0   0   0   0   0   0   0   0   0   0
6    0   0   0   0   0   0   0   0   0   0   0   0
7    0   0   0   0   0   0   0   0   0   0   0   0
8    0   0   0   0   0   0   0   0   0   0   0   0
9    0   0   0   0   0   0   0   0   0   0   0   0
10   0   0   0   0   0   0   0   0   0   0   0   0
11   0   0   0   0   0   0   0   0   0   0   0   0
;

arrival_time [*,*]
:     1     2     3     :=
0    310   180   600
1    222     0   308
2      0   122     0
3    234    86     0
4      0    50     0
5    132    38     0
6     80     0    60
7      0   138     0
8    114     0     0
9    194    36     0
10   154     0     0
11     0   104    36
;