CPLEX 12.10.0.0: 
Performing restart 1

Performing restart 2

<BREAK> (cplex)
CPLEX solution status 13 with fixed integers:
	aborted in phase II
aborted, integer solution exists; objective 235.2
679877118 MIP simplex iterations
32402362 branch-and-bound nodes
absmipgap = 30.4417, relmipgap = 0.129429
TotalCost = 235.2

: rental_start rental_end    :=
1        0        3.03333
2        0        9.73333
3       10       10
;

traversed [*,*,1]
:    0   1   2   3   4   5   6   7   8   9  10  11    :=
0    0   0   0   0   0   0   0   0   0   0   1   0
1    0   0   0   0   0   0   0   0   0   0   0   0
2    0   0   0   0   0   0   0   0   0   0   0   0
3    0   0   0   0   0   0   0   0   0   0   0   0
4    0   0   0   0   0   0   0   0   0   0   0   0
5    0   0   0   0   0   0   0   0   0   0   0   0
6    0   0   0   0   0   0   0   0   0   0   0   0
7    0   0   0   0   0   0   0   0   0   0   0   0
8    0   0   0   0   0   0   0   0   0   0   0   0
9    0   0   0   0   0   0   0   0   0   0   0   0
10   1   0   0   0   0   0   0   0   0   0   0   0
11   0   0   0   0   0   0   0   0   0   0   0   0

 [*,*,2]
:    0   1   2   3   4   5   6   7   8   9  10  11    :=
0    0   0   0   0   1   0   0   0   0   0   0   0
1    1   0   0   0   0   0   0   0   0   0   0   0
2    0   0   0   0   0   0   0   0   0   1   0   0
3    0   0   0   0   0   0   0   1   0   0   0   0
4    0   0   0   1   0   0   0   0   0   0   0   0
5    0   0   0   0   0   0   0   0   1   0   0   0
6    0   0   1   0   0   0   0   0   0   0   0   0
7    0   0   0   0   0   0   1   0   0   0   0   0
8    0   0   0   0   0   0   0   0   0   0   0   1
9    0   0   0   0   0   1   0   0   0   0   0   0
10   0   0   0   0   0   0   0   0   0   0   0   0
11   0   1   0   0   0   0   0   0   0   0   0   0

 [*,*,3]
:    0   1   2   3   4   5   6   7   8   9  10  11    :=
0    1   0   0   0   0   0   0   0   0   0   0   0
1    0   0   0   0   0   0   0   0   0   0   0   0
2    0   0   0   0   0   0   0   0   0   0   0   0
3    0   0   0   0   0   0   0   0   0   0   0   0
4    0   0   0   0   0   0   0   0   0   0   0   0
5    0   0   0   0   0   0   0   0   0   0   0   0
6    0   0   0   0   0   0   0   0   0   0   0   0
7    0   0   0   0   0   0   0   0   0   0   0   0
8    0   0   0   0   0   0   0   0   0   0   0   0
9    0   0   0   0   0   0   0   0   0   0   0   0
10   0   0   0   0   0   0   0   0   0   0   0   0
11   0   0   0   0   0   0   0   0   0   0   0   0
;

arrival_time [*,*]
:     1     2     3     :=
0    182   584   600
1      0   408     0
2      0   254     0
3    210   140     0
4    238   112     0
5    154   316     0
6      0   204     0
7      0   158     0
8    208   352     0
9     14   276     0
10    86     0     0
11     0   370     0
;