CPLEX 12.10.0.0: 
Performing restart 1
optimal integer solution; objective 189.6
745747 MIP simplex iterations
44197 branch-and-bound nodes
TotalCost = 189.6

: rental_start rental_end    :=
1       0         5.36667
2       0.2       5.13333
3      10        10
;

traversed [*,*,1]
:   0   1   2   3   4   5   6   7   8   9    :=
0   0   0   0   0   1   0   0   0   0   0
1   0   0   0   0   0   0   0   0   0   0
2   0   0   0   0   0   0   0   0   0   1
3   0   0   0   0   0   0   0   0   0   0
4   0   0   0   0   0   0   0   0   1   0
5   0   0   1   0   0   0   0   0   0   0
6   0   0   0   0   0   0   0   0   0   0
7   0   0   0   0   0   0   0   0   0   0
8   0   0   0   0   0   1   0   0   0   0
9   1   0   0   0   0   0   0   0   0   0

 [*,*,2]
:   0   1   2   3   4   5   6   7   8   9    :=
0   0   1   0   0   0   0   0   0   0   0
1   0   0   0   0   0   0   0   1   0   0
2   0   0   0   0   0   0   0   0   0   0
3   1   0   0   0   0   0   0   0   0   0
4   0   0   0   0   0   0   0   0   0   0
5   0   0   0   0   0   0   0   0   0   0
6   0   0   0   1   0   0   0   0   0   0
7   0   0   0   0   0   0   1   0   0   0
8   0   0   0   0   0   0   0   0   0   0
9   0   0   0   0   0   0   0   0   0   0

 [*,*,3]
:   0   1   2   3   4   5   6   7   8   9    :=
0   1   0   0   0   0   0   0   0   0   0
1   0   0   0   0   0   0   0   0   0   0
2   0   0   0   0   0   0   0   0   0   0
3   0   0   0   0   0   0   0   0   0   0
4   0   0   0   0   0   0   0   0   0   0
5   0   0   0   0   0   0   0   0   0   0
6   0   0   0   0   0   0   0   0   0   0
7   0   0   0   0   0   0   0   0   0   0
8   0   0   0   0   0   0   0   0   0   0
9   0   0   0   0   0   0   0   0   0   0
;

arrival_time [*,*]
:    1     2     3     :=
0   322   308   600
1     0    76     0
2   218    12     0
3     0   200     0
4   136     4     0
5   182     0   318
6   382   178     0
7     0   124    16
8   156     0   104
9   248     0    72
;