CPLEX 12.10.0.0: 
Performing restart 1
optimal integer solution within mipgap or absmipgap; objective 130.5
5105446 MIP simplex iterations
277723 branch-and-bound nodes
absmipgap = 0.0128834, relmipgap = 9.87236e-05
TotalCost = 130.5

: rental_start rental_end    :=
1    0            3.86667
2    0.0333333    3.5
3   10           10
;

traversed [*,*,1]
:    0   1   2   3   4   5   6   7   8   9  10    :=
0    0   0   0   0   0   0   1   0   0   0   0
1    0   0   0   0   0   0   0   0   0   0   0
2    0   0   0   0   0   0   0   0   1   0   0
3    0   0   0   0   0   0   0   0   0   0   0
4    0   0   0   0   0   0   0   0   0   0   0
5    0   0   0   0   0   0   0   0   0   0   0
6    0   0   0   0   0   0   0   0   0   0   1
7    0   0   0   0   0   0   0   0   0   0   0
8    1   0   0   0   0   0   0   0   0   0   0
9    0   0   0   0   0   0   0   0   0   0   0
10   0   0   1   0   0   0   0   0   0   0   0

 [*,*,2]
:    0   1   2   3   4   5   6   7   8   9  10    :=
0    0   0   0   0   0   1   0   0   0   0   0
1    1   0   0   0   0   0   0   0   0   0   0
2    0   0   0   0   0   0   0   0   0   0   0
3    0   0   0   0   1   0   0   0   0   0   0
4    0   1   0   0   0   0   0   0   0   0   0
5    0   0   0   0   0   0   0   1   0   0   0
6    0   0   0   0   0   0   0   0   0   0   0
7    0   0   0   0   0   0   0   0   0   1   0
8    0   0   0   0   0   0   0   0   0   0   0
9    0   0   0   1   0   0   0   0   0   0   0
10   0   0   0   0   0   0   0   0   0   0   0

 [*,*,3]
:    0   1   2   3   4   5   6   7   8   9  10    :=
0    1   0   0   0   0   0   0   0   0   0   0
1    0   0   0   0   0   0   0   0   0   0   0
2    0   0   0   0   0   0   0   0   0   0   0
3    0   0   0   0   0   0   0   0   0   0   0
4    0   0   0   0   0   0   0   0   0   0   0
5    0   0   0   0   0   0   0   0   0   0   0
6    0   0   0   0   0   0   0   0   0   0   0
7    0   0   0   0   0   0   0   0   0   0   0
8    0   0   0   0   0   0   0   0   0   0   0
9    0   0   0   0   0   0   0   0   0   0   0
10   0   0   0   0   0   0   0   0   0   0   0
;

arrival_time [*,*]
:     1     2     3     :=
0    232   210   600
1      0   144     0
2    124     0   136
3      0   110     0
4      0   126     0
5     60    50     0
6     54     0     0
7      0    74     0
8    162     0    38
9      0    88     0
10   104     0     0
;