CPLEX 12.10.0.0: 
Performing restart 1
optimal integer solution within mipgap or absmipgap; objective 148.7
4432149 MIP simplex iterations
244261 branch-and-bound nodes
absmipgap = 0.00155039, relmipgap = 1.04263e-05
TotalCost = 148.7

: rental_start rental_end    :=
1       0        4.16667
2       0        4.1
3       0        0
;

traversed [*,*,1]
:    0   1   2   3   4   5   6   7   8   9  10    :=
0    0   0   0   0   0   0   1   0   0   0   0
1    0   0   0   0   0   0   0   0   0   0   1
2    1   0   0   0   0   0   0   0   0   0   0
3    0   0   0   0   0   0   0   0   0   0   0
4    0   0   0   0   0   0   0   0   0   0   0
5    0   0   1   0   0   0   0   0   0   0   0
6    0   1   0   0   0   0   0   0   0   0   0
7    0   0   0   0   0   0   0   0   0   0   0
8    0   0   0   0   0   0   0   0   0   0   0
9    0   0   0   0   0   0   0   0   0   0   0
10   0   0   0   0   0   1   0   0   0   0   0

 [*,*,2]
:    0   1   2   3   4   5   6   7   8   9  10    :=
0    0   0   0   0   1   0   0   0   0   0   0
1    0   0   0   0   0   0   0   0   0   0   0
2    0   0   0   0   0   0   0   0   0   0   0
3    0   0   0   0   0   0   0   0   0   1   0
4    0   0   0   0   0   0   0   1   0   0   0
5    0   0   0   0   0   0   0   0   0   0   0
6    0   0   0   0   0   0   0   0   0   0   0
7    0   0   0   0   0   0   0   0   1   0   0
8    0   0   0   1   0   0   0   0   0   0   0
9    1   0   0   0   0   0   0   0   0   0   0
10   0   0   0   0   0   0   0   0   0   0   0

 [*,*,3]
:    0   1   2   3   4   5   6   7   8   9  10    :=
0    1   0   0   0   0   0   0   0   0   0   0
1    0   0   0   0   0   0   0   0   0   0   0
2    0   0   0   0   0   0   0   0   0   0   0
3    0   0   0   0   0   0   0   0   0   0   0
4    0   0   0   0   0   0   0   0   0   0   0
5    0   0   0   0   0   0   0   0   0   0   0
6    0   0   0   0   0   0   0   0   0   0   0
7    0   0   0   0   0   0   0   0   0   0   0
8    0   0   0   0   0   0   0   0   0   0   0
9    0   0   0   0   0   0   0   0   0   0   0
10   0   0   0   0   0   0   0   0   0   0   0
;

arrival_time [*,*]
:     1     2    3     :=
0    250   246    0
1     90     0   50
2    164     0    0
3      0   142    0
4     34    76    0
5    146    24    0
6     64     0   16
7      0   104    0
8      0   124    0
9      0   162    0
10   118     0    0
;