CPLEX 12.10.0.0: 
Performing restart 1
optimal integer solution; objective 152.5
597734 MIP simplex iterations
47232 branch-and-bound nodes
TotalCost = 152.5

: rental_start rental_end    :=
1       10       10
2        0        8.33333
3       10       10
;

traversed [*,*,1]
:   0   1   2   3   4   5   6   7   8    :=
0   1   0   0   0   0   0   0   0   0
1   0   0   0   0   0   0   0   0   0
2   0   0   0   0   0   0   0   0   0
3   0   0   0   0   0   0   0   0   0
4   0   0   0   0   0   0   0   0   0
5   0   0   0   0   0   0   0   0   0
6   0   0   0   0   0   0   0   0   0
7   0   0   0   0   0   0   0   0   0
8   0   0   0   0   0   0   0   0   0

 [*,*,2]
:   0   1   2   3   4   5   6   7   8    :=
0   0   0   0   0   0   1   0   0   0
1   0   0   1   0   0   0   0   0   0
2   0   0   0   1   0   0   0   0   0
3   0   0   0   0   1   0   0   0   0
4   0   0   0   0   0   0   0   0   1
5   0   0   0   0   0   0   0   1   0
6   1   0   0   0   0   0   0   0   0
7   0   1   0   0   0   0   0   0   0
8   0   0   0   0   0   0   1   0   0

 [*,*,3]
:   0   1   2   3   4   5   6   7   8    :=
0   1   0   0   0   0   0   0   0   0
1   0   0   0   0   0   0   0   0   0
2   0   0   0   0   0   0   0   0   0
3   0   0   0   0   0   0   0   0   0
4   0   0   0   0   0   0   0   0   0
5   0   0   0   0   0   0   0   0   0
6   0   0   0   0   0   0   0   0   0
7   0   0   0   0   0   0   0   0   0
8   0   0   0   0   0   0   0   0   0
;

arrival_time [*,*]
:    1     2     3     :=
0   600   500   600
1     0   158    12
2     0   178     0
3     0   214     0
4     0   240     0
5   178   112     0
6     0   396     0
7     0   132     0
8     0   280     0
;
