CPLEX 12.10.0.0: 
Performing restart 1
optimal integer solution within mipgap or absmipgap; objective 96.7
9325069 MIP simplex iterations
531927 branch-and-bound nodes
absmipgap = 0.00798182, relmipgap = 8.25421e-05
TotalCost = 96.7

: rental_start rental_end    :=
1        0          5.6
2       10         10
3        0          0
;

traversed [*,*,1]
:    0   1   2   3   4   5   6   7   8   9  10    :=
0    0   0   0   0   0   0   0   0   0   1   0
1    1   0   0   0   0   0   0   0   0   0   0
2    0   0   0   0   0   1   0   0   0   0   0
3    0   1   0   0   0   0   0   0   0   0   0
4    0   0   0   0   0   0   0   1   0   0   0
5    0   0   0   0   0   0   0   0   0   0   1
6    0   0   1   0   0   0   0   0   0   0   0
7    0   0   0   0   0   0   1   0   0   0   0
8    0   0   0   1   0   0   0   0   0   0   0
9    0   0   0   0   1   0   0   0   0   0   0
10   0   0   0   0   0   0   0   0   1   0   0

 [*,*,2]
:    0   1   2   3   4   5   6   7   8   9  10    :=
0    1   0   0   0   0   0   0   0   0   0   0
1    0   0   0   0   0   0   0   0   0   0   0
2    0   0   0   0   0   0   0   0   0   0   0
3    0   0   0   0   0   0   0   0   0   0   0
4    0   0   0   0   0   0   0   0   0   0   0
5    0   0   0   0   0   0   0   0   0   0   0
6    0   0   0   0   0   0   0   0   0   0   0
7    0   0   0   0   0   0   0   0   0   0   0
8    0   0   0   0   0   0   0   0   0   0   0
9    0   0   0   0   0   0   0   0   0   0   0
10   0   0   0   0   0   0   0   0   0   0   0

 [*,*,3]
:    0   1   2   3   4   5   6   7   8   9  10    :=
0    1   0   0   0   0   0   0   0   0   0   0
1    0   0   0   0   0   0   0   0   0   0   0
2    0   0   0   0   0   0   0   0   0   0   0
3    0   0   0   0   0   0   0   0   0   0   0
4    0   0   0   0   0   0   0   0   0   0   0
5    0   0   0   0   0   0   0   0   0   0   0
6    0   0   0   0   0   0   0   0   0   0   0
7    0   0   0   0   0   0   0   0   0   0   0
8    0   0   0   0   0   0   0   0   0   0   0
9    0   0   0   0   0   0   0   0   0   0   0
10   0   0   0   0   0   0   0   0   0   0   0
;

arrival_time [*,*]
:     1     2    3     :=
0    336   600    0
1    300     0    0
2    140     0    0
3    274     0    0
4     26     0    0
5    174     0    0
6     86     0    0
7     44   216    0
8    238     0    0
9      4   256    0
10   210     0   50
;