CPLEX 12.10.0.0: 
Performing restart 1

Performing restart 2
optimal integer solution within mipgap or absmipgap; objective 212.4
13576889 MIP simplex iterations
635612 branch-and-bound nodes
absmipgap = 0.0144847, relmipgap = 6.81953e-05
TotalCost = 212.4

: rental_start rental_end    :=
1       0.2       6.8
2       0         4.93333
3      10        10
;

traversed [*,*,1]
:    0   1   2   3   4   5   6   7   8   9  10    :=
0    0   0   0   0   0   0   1   0   0   0   0
1    0   0   0   0   0   0   0   0   0   1   0
2    0   0   0   0   0   0   0   0   0   0   0
3    1   0   0   0   0   0   0   0   0   0   0
4    0   0   0   0   0   0   0   0   0   0   0
5    0   0   0   0   0   0   0   0   1   0   0
6    0   1   0   0   0   0   0   0   0   0   0
7    0   0   0   0   0   0   0   0   0   0   0
8    0   0   0   1   0   0   0   0   0   0   0
9    0   0   0   0   0   1   0   0   0   0   0
10   0   0   0   0   0   0   0   0   0   0   0

 [*,*,2]
:    0   1   2   3   4   5   6   7   8   9  10    :=
0    0   0   0   0   1   0   0   0   0   0   0
1    0   0   0   0   0   0   0   0   0   0   0
2    1   0   0   0   0   0   0   0   0   0   0
3    0   0   0   0   0   0   0   0   0   0   0
4    0   0   0   0   0   0   0   0   0   0   1
5    0   0   0   0   0   0   0   0   0   0   0
6    0   0   0   0   0   0   0   0   0   0   0
7    0   0   1   0   0   0   0   0   0   0   0
8    0   0   0   0   0   0   0   0   0   0   0
9    0   0   0   0   0   0   0   0   0   0   0
10   0   0   0   0   0   0   0   1   0   0   0

 [*,*,3]
:    0   1   2   3   4   5   6   7   8   9  10    :=
0    1   0   0   0   0   0   0   0   0   0   0
1    0   0   0   0   0   0   0   0   0   0   0
2    0   0   0   0   0   0   0   0   0   0   0
3    0   0   0   0   0   0   0   0   0   0   0
4    0   0   0   0   0   0   0   0   0   0   0
5    0   0   0   0   0   0   0   0   0   0   0
6    0   0   0   0   0   0   0   0   0   0   0
7    0   0   0   0   0   0   0   0   0   0   0
8    0   0   0   0   0   0   0   0   0   0   0
9    0   0   0   0   0   0   0   0   0   0   0
10   0   0   0   0   0   0   0   0   0   0   0
;

arrival_time [*,*]
:     1     2     3     :=
0    408   296   600
1    150   170     0
2      0   198     0
3    290     0     0
4      0    84    86
5    224    36     0
6    106     0     0
7      0   156     0
8    248     0     0
9    194     0     0
10     0   136     0
;